0.487018
0.487
0.487265
0.487468
0.487439
0.487585
0.487655
0.487661
0.487632
0.487715
0.487735
0.487688
0.487705
0.487675
0.48764
0.487703
0.487718
0.487788
0.487745
0.487698
0.487721
0.487757
0.487761
0.48772
0.487695
0.487704
0.48772
0.487676
0.487712
0.487709
0.487715
0.487698
0.487707
0.487721
0.487726
0.487739
0.487724
0.487729
0.487742
0.487726
0.48774
0.487725
0.487745
0.487749
0.487734
0.487716
0.487694
0.487682
0.487679
0.48769
0.48767
0.487669
0.487678
0.487691
0.48771
0.487713
0.487718
0.487702
0.487696
0.487701
