0.5 	1 	0.487966
0.2 	1 	0.487962
0.1 	1 	0.487956
0.05 	1 	0.487768
0.02 	1 	0.487978
0.01 	1 	0.487772
0.5 	2 	0.487767
0.2 	2 	0.487928
0.1 	2 	0.487863
0.05 	2 	0.488012
0.02 	2 	0.487916
0.01 	2 	0.487778
0.5 	3 	0.487701
0.2 	3 	0.487919
0.1 	3 	0.487826
0.05 	3 	0.487794
0.02 	3 	0.487869
0.01 	3 	0.487827
0.5 	4 	0.487732
0.2 	4 	0.487813
0.1 	4 	0.487881
0.05 	4 	0.488013
0.02 	4 	0.487855
0.01 	4 	0.487847
0.5 	5 	0.487899
0.2 	5 	0.487792
0.1 	5 	0.487814
0.05 	5 	0.487797
0.02 	5 	0.487943
0.01 	5 	0.487881
0.5 	6 	0.487868
0.2 	6 	0.487825
0.1 	6 	0.487855
0.05 	6 	0.487922
0.02 	6 	0.487856
0.01 	6 	0.487883


0.487966 	0.487767 	0.487701 	0.487732 	0.487899 	0.487868 	
0.487962 	0.487928 	0.487919 	0.487813 	0.487792 	0.487825 	
0.487956 	0.487863 	0.487826 	0.487881 	0.487814 	0.487855 	
0.487768 	0.488012 	0.487794 	0.488013 	0.487797 	0.487922 	
0.487978 	0.487916 	0.487869 	0.487855 	0.487943 	0.487856 	
0.487772 	0.487778 	0.487827 	0.487847 	0.487881 	0.487883 	
