0.5 	1 	0.50051
0.2 	1 	0.504
0.1 	1 	0.5061
0.05 	1 	0.509022
0.02 	1 	0.512774
0.01 	1 	0.516294
0.5 	2 	0.500484
0.2 	2 	0.503626
0.1 	2 	0.508251
0.05 	2 	0.511001
0.02 	2 	0.514006
0.01 	2 	0.515981
0.5 	3 	0.500592
0.2 	3 	0.504363
0.1 	3 	0.511679
0.05 	3 	0.514432
0.02 	3 	0.52131
0.01 	3 	0.524594
0.5 	4 	0.501811
0.2 	4 	0.506714
0.1 	4 	0.514147
0.05 	4 	0.520169
0.02 	4 	0.522571
0.01 	4 	0.527522
0.5 	5 	0.501107
0.2 	5 	0.507179
0.1 	5 	0.512129
0.05 	5 	0.5225
0.02 	5 	0.528905
0.01 	5 	0.535515
0.5 	6 	0.503027
0.2 	6 	0.505842
0.1 	6 	0.518154
0.05 	6 	0.523766
0.02 	6 	0.527874
0.01 	6 	0.538958


0.50051 	0.500484 	0.500592 	0.501811 	0.501107 	0.503027 	
0.504 	0.503626 	0.504363 	0.506714 	0.507179 	0.505842 	
0.5061 	0.508251 	0.511679 	0.514147 	0.512129 	0.518154 	
0.509022 	0.511001 	0.514432 	0.520169 	0.5225 	0.523766 	
0.512774 	0.514006 	0.52131 	0.522571 	0.528905 	0.527874 	
0.516294 	0.515981 	0.524594 	0.527522 	0.535515 	0.538958 	
