0.5 	1 	0.476052
0.2 	1 	0.475882
0.1 	1 	0.4759
0.05 	1 	0.483466
0.02 	1 	0.492048
0.01 	1 	0.498116
0.5 	2 	0.475142
0.2 	2 	0.475958
0.1 	2 	0.4818
0.05 	2 	0.48637
0.02 	2 	0.496058
0.01 	2 	0.500169
0.5 	3 	0.476521
0.2 	3 	0.478506
0.1 	3 	0.482774
0.05 	3 	0.490918
0.02 	3 	0.504234
0.01 	3 	0.507524
0.5 	4 	0.47356
0.2 	4 	0.482735
0.1 	4 	0.489107
0.05 	4 	0.498445
0.02 	4 	0.507697
0.01 	4 	0.513706
0.5 	5 	0.476455
0.2 	5 	0.484598
0.1 	5 	0.49144
0.05 	5 	0.496668
0.02 	5 	0.522164
0.01 	5 	0.525061
0.5 	6 	0.476244
0.2 	6 	0.483973
0.1 	6 	0.493448
0.05 	6 	0.503311
0.02 	6 	0.516245
0.01 	6 	0.522245


0.476052 	0.475142 	0.476521 	0.47356 	0.476455 	0.476244 	
0.475882 	0.475958 	0.478506 	0.482735 	0.484598 	0.483973 	
0.4759 	0.4818 	0.482774 	0.489107 	0.49144 	0.493448 	
0.483466 	0.48637 	0.490918 	0.498445 	0.496668 	0.503311 	
0.492048 	0.496058 	0.504234 	0.507697 	0.522164 	0.516245 	
0.498116 	0.500169 	0.507524 	0.513706 	0.525061 	0.522245 	
